0.18371437025030513
0.542667148291847
0.8956350249099041
0.1705257708173612
0.884413756221606
0.31231659056468974
0.39035192163835686
0.8240977535148742
0.8020063044472764
0.746810155140993
0.4943990456977688
0.7545608373492009
0.7778928559760656
0.5970931694546338
0.6914667211511263
0.8539970249593607
0.28618315270436
0.0847499392732246
0.6642840088742447
0.7896379286605003
0.6826455656513369
0.6866119543970354
0.645978671513125
0.7756482950749094
0.6635860863242351
0.17677544631767395
0.6842313716798019
0.0640654974094097
0.9755013299824531
0.6546202137294793
0.24001513816653408
0.370539840179569
0.3778668217800504
0.6010924924732728
0.38944166262006297
0.16625346550224251
0.9957711059809842
0.9654028625161141
0.08677507192332856
0.3625632383690146
0.9640078394733074
0.7729879397598576
0.2142434552590613
0.21426814702027364
0.847434404425713
0.896348897359163
0.6192003455995836
0.7865901183753402
0.9900815809089708
0.6012743076398365
0.3045764574356049
0.013088726919649019
0.9305206834078056
0.5306352020900807
0.7985772648309911
0.7135203642162756
0.30288922363991555
0.9361386491312215
0.3714777513101418
0.23921660345608797
0.4013185379286518
0.7615915416669022
0.5627256110344899
0.4115850288866114
0.17000251226318985
0.6626873934845928
0.5700909358028386
0.6795380847650903
0.4162329530747697
0.18360318255015828
0.5583078093421692
0.3292551799530393
0.28299157255377494
0.7773236417980613
0.9484166074088718
0.6074073557981305
0.8043507914202013
0.6993593930682996
0.5709039971005427
0.7278718339770188
0.4818611742184098
0.3175635792345355
0.591598448307167
0.197411570752843
0.7892145861001257
0.6644114574967532
0.5006873987420807
0.677305098160218
0.715557142054792
0.6804615432102434
0.6564575928918761
0.25634913642275503
0.06046272270866271
0.4764038392034824
0.38525630562497404
0.30176655388649276
0.3557064921381863
0.08278654072151526
0.7220659676886911
0.9377643852002119
